-0.08642471375473468 
0.6943249160778425 -0.07291470979549179 
-0.5897695596986924 
-0.02313820616758932 
0.676711012070147 -0.9472098818957114 -0.9292124536755186 -0.7019911026331074 -0.6432686314766644 -0.6328890947425058 -0.7187430675094973 -0.1068867735224783 0.6342878889209044 0.679448196540076 0.6140077100583596 0.6430588699865887 0.6178640251521422 0.2981891471633601 0.30007597522903384 0.7469392697018764 0.27832084096879167 0.12948715064928157 0.19495898613868223 0.8684103339441229 0.32755091416602333 0.48645435395542697 
0.0180486549397489 0.09359278992221334 -0.08806196831850299 -0.028792390299171827 
('NaN', 0) 
('NaN', 311.47659536715395) 
('NaN', 0) 
('NaN', 0) 
('NaN', 69.15251236355326) 
0.5957717614531381 
('NaN', 0) 
-0.9514939579527157 
('NaN', 0) 
-1.0 
-1.0 
-0.4783719229659168 
-0.6431351246061942 
('NaN', 0) 
('NaN', 0) 
('NaN', 0) 
2.5592093465501065 -0.10053467820431182 -0.1598631705105468 
('NaN', 0) 
('NaN', 85.9021377603247) 
('NaN', 5.492890093134781) 
3.76470161246245 
('NaN', 0) 
-0.03816208027688718 
-0.281842490121613 
-1.0 
0.8044683051303562 
('NaN', 0) ('NaN', 28.618575260618286) 
('NaN', 0) ('NaN', 0) 
('NaN', 0) ('NaN', 0) ('NaN', 0) 
('NaN', 0) ('NaN', 0) 
('NaN', 0) ('NaN', 0) 
('NaN', 0) ('NaN', 0) 
('NaN', 0) ('NaN', 0) 
('NaN', 0) ('NaN', 0) 
('NaN', 0) ('NaN', 2.6800868132825144) 
('NaN', 0) 0.13003973865693802 0.3296577095883079 
1.3517773281224352 ('NaN', 46.197805683241214) 
-1.0 ('NaN', 0) 
0.008813721898770723 0.06950400666267931 
('NaN', 0) ('NaN', 0) 
-0.447724983933334 -0.06242393351413716 -1.0 -1.0 -0.2922678685374879 ('NaN', 0) ('NaN', 0) ('NaN', 0) ('NaN', 0) ('NaN', 0) ('NaN', 0) 
('NaN', 56.40923863088798) 
-0.20521208047448738 0.1938758412462422 -0.01479860615287304 
('NaN', 5.676836992054956) 
('NaN', 35.71589959802499) 
('NaN', 0) 
('NaN', 134.22219758398396) 
('NaN', 81.52485954063101) 4.00070698225486 ('NaN', 0) 
('NaN', 0) 
-0.6135858589068667 
-0.7670588513404778 
0.015758753326493298 
('NaN', 0) 
-0.10903066893744237 
1.234523869534238 
1.9355724094701825 
('NaN', 68.65652595674753) 
('NaN', 40.04108094339386) 0.08215941941369212 0.4838893349878398 
('NaN', 1.9319069854344457) 1.9516065135328486 -0.17671113274262965 
-0.0511694489009524 
('NaN', 0) 
9.569818615885422 
-0.8000323853833755 
4.126780462286457 
0.33382924983146334 0.6362461010194175 0.03404482669006993 
('NaN', 0) 
('NaN', 0) 
('NaN', 0) 
0.5885135182651909 
-0.09729870112670945 
-0.05030546415240538 
('NaN', 0) 
-1.0 
('NaN', 0) 
('NaN', 0) 
('NaN', 0) 
('NaN', 0) 
-1.0 
-1.0 ('NaN', 0) ('NaN', 11.56462531808097) 
('NaN', 0) 
('NaN', 0) 
('NaN', 22.189531995623554) 
1.654267008972289 0.19112690861544773 
('NaN', 0) 1.2624806499638466 
('NaN', 0) -0.09017079896597552 
('NaN', 0) -0.019879817393071045 
('NaN', 0) 0.06556350607182619 
('NaN', 0) 0.4328031515430412 
('NaN', 0) 0.4995051639926092 1.607919303137338 
2.109184536514453 ('NaN', 0) ('NaN', 0) 
('NaN', 20.54417623460805) ('NaN', 0) 
('NaN', 0) -1.0 
('NaN', 0) ('NaN', 0) ('NaN', 0) 
-1.0 -1.0 
('NaN', 7.0659714969662515) 4.356327563361209 0.6816608034984458 ('NaN', 0) 
('NaN', 0) ('NaN', 0) 
('NaN', 0) ('NaN', 0) ('NaN', 0) 
('NaN', 0) ('NaN', 0) 
('NaN', 0) ('NaN', 0) 
('NaN', 0) ('NaN', 0) 
('NaN', 0) ('NaN', 0) 
-0.04245069459149692 
-0.21539504274292465 
('NaN', 0) 
('NaN', 0) ('NaN', 0) ('NaN', 0) 
('NaN', 2.909546736575446) 
-0.04894526634214999 
-0.38652697644638856 
-0.15602512752228231 
0.18182529147855644 
-0.03577469713744105 
0.11655644674675988 
0.05472186117397373 
-0.206688156701515 
-0.17873338342895662 
-0.06106467662431505 
-0.9761021490808747 
1.0834970485956916 
-0.11587788112590985 
('NaN', 0) 
0.9282099554963542 
('NaN', 0) 
('NaN', 0) 
('NaN', 0) 
-0.15649858000421318 
-0.4037533334424444 
-0.49962428533061454 
-0.5363888362297645 
0.07253132182704189 
0.16828360580039703 
0.30988608392257594 
0.1210138940054924 
('NaN', 0) 
1.761198279044489 
('NaN', 0) 
-0.7399557629256964 
-0.6559523224716274 
-0.5334164721425806 
-0.46386707983234143 
0.06460243497717205 
2.90764997336014 
0.1434626597194486 
0.18877221725785887 
0.5488988126725343 
-0.12094335357504597 
('NaN', 0) ('NaN', 0) 
-0.49841131796054466 -1.0 
('NaN', 0) ('NaN', 0) 
('NaN', 0) ('NaN', 0) ('NaN', 0) 
('NaN', 0) ('NaN', 5.343225206895909) 
1.170517124096329 0.24007062077407365 
('NaN', 0) -0.18770094806421905 
-1.0 -0.038385679227658225 
-1.0 0.3704993183223678 
('NaN', 0) ('NaN', 120.37245479335718) 
('NaN', 0) -0.8099596408773757 -1.0 
0.06714160166199475 
0.31782516538170896 
('NaN', 0) 
('NaN', 442.48032887044064) 
-0.1934787383163732 
-0.1705496951392427 
0.16512693221432254 
0.25408023237163274 
-0.29071795819022317 -0.4131000138297666 -1.0 
0.3187661202913556 
-0.22834161851312632 
-0.02397292900306699 
-0.18439189777639073 
-0.1600808938611645 
-0.2944622700344308 
-0.07864502577736168 
-0.1199257958205174 
0.009363118879847315 
-0.045542937628238876 
0.47848753819107576 
1.052979248530562 
-0.11942096457438488 
-0.1300928998662206 
7.785829045166032 -0.8010375250963405 -0.10942273324446376 
