-0.08642471857115605 
0.7037466812262507 -0.07773495022820251 
-0.5825418940410515 
-0.026725546277165047 
0.6990976036098123 -0.9474968606863154 -0.9297928477181354 -0.701878051266898 -0.6408907726199945 -0.6301781183992725 -0.7184870730133806 -0.10069409196652734 0.6928383099057088 0.7487085710636774 0.6732084149632679 0.7043308336880112 0.6793523957745113 0.32738653821274627 0.31894451532405727 0.7703421417447154 0.303394357731344 0.150117972048893 0.2180353564613259 0.892742346729163 0.3488962919180424 0.5121420905892493 
0.01933553968934454 0.09570258984279476 -0.07812559973495717 -0.04155821744512631 
('NaN', 0) 
('NaN', 309.78374489350426) 
('NaN', 0) 
('NaN', 0) 
('NaN', 69.6314911170876) 
0.6100680516298187 
('NaN', 0) 
-0.9511573638896489 
('NaN', 0) 
-1.0 
-1.0 
-0.4588991640791469 
-0.6295703191576147 
('NaN', 0) 
('NaN', 0) 
('NaN', 0) 
2.6290254131099933 -0.08288580500041337 -0.14338142669013101 
('NaN', 0) 
('NaN', 87.56808440644878) 
('NaN', 5.6730722775368365) 
3.8413168815971273 
('NaN', 0) 
-0.036946335634103634 
-0.2804573651753083 
-1.0 
0.7807449549085307 
('NaN', 0) ('NaN', 29.0495788052888) 
('NaN', 0) ('NaN', 0) 
('NaN', 0) ('NaN', 0) ('NaN', 0) 
('NaN', 0) ('NaN', 0) 
('NaN', 0) ('NaN', 0) 
('NaN', 0) ('NaN', 0) 
('NaN', 0) ('NaN', 0) 
('NaN', 0) ('NaN', 0) 
('NaN', 0) ('NaN', 2.715397294544161) 
('NaN', 0) 0.1490003170088979 0.3524526705423863 
1.3927852312546913 ('NaN', 46.96264638223459) 
-1.0 ('NaN', 0) 
0.012402365482104738 0.06900362970179814 
('NaN', 0) ('NaN', 0) 
-0.4681558196775936 -0.10717163398429734 -1.0 -1.0 -0.30720211784599927 ('NaN', 0) ('NaN', 0) ('NaN', 0) ('NaN', 0) ('NaN', 0) ('NaN', 0) 
('NaN', 57.107036911613804) 
-0.19324107094746526 0.21219158756135417 3.954655811955895e-05 
('NaN', 5.6418029713076425) 
('NaN', 35.557975621024525) 
('NaN', 0) 
('NaN', 134.31773722386166) 
('NaN', 81.60105314083276) 4.005495060412035 ('NaN', 0) 
('NaN', 0) 
-0.6091732187719788 
-0.7619698776569546 
0.03918025250878446 
('NaN', 0) 
-0.0938067678276345 
1.2785956103777871 
1.992912399057918 
('NaN', 69.90528250779563) 
('NaN', 40.780019197041426) 0.10213276304273389 0.5112704876959963 
('NaN', 1.9567987998603473) 1.9942622437633772 -0.16610971582594983 
-0.038667392916467355 
('NaN', 0) 
9.78771595995947 
-0.7966026359774648 
4.216180321621013 
0.35593810785344326 0.6634207092994577 0.05116484351131887 
('NaN', 0) 
('NaN', 0) 
('NaN', 0) 
0.587770169017277 
-0.0874719392033936 
-0.039936361567194614 
('NaN', 0) 
-1.0 
('NaN', 0) 
('NaN', 0) 
('NaN', 0) 
('NaN', 0) 
-1.0 
-1.0 ('NaN', 0) ('NaN', 11.465255140511772) 
('NaN', 0) 
('NaN', 0) 
('NaN', 22.051216502056263) 
1.6941554588338053 0.20910671586375185 
('NaN', 0) 1.2512509564108378 
('NaN', 0) -0.0765512184244847 
('NaN', 0) -0.001928592307231477 
('NaN', 0) 0.08458723255103737 
('NaN', 0) 0.4579258543271063 
('NaN', 0) 0.5278777328993631 1.6521670560315962 
2.1050695075716765 ('NaN', 0) ('NaN', 0) 
('NaN', 20.627195537744882) ('NaN', 0) 
('NaN', 0) -1.0 
('NaN', 0) ('NaN', 0) ('NaN', 0) 
-1.0 -1.0 
('NaN', 6.952307887252463) 4.263633703053867 0.6505448486507903 ('NaN', 0) 
('NaN', 0) ('NaN', 0) 
('NaN', 0) ('NaN', 0) ('NaN', 0) 
('NaN', 0) ('NaN', 0) 
('NaN', 0) ('NaN', 0) 
('NaN', 0) ('NaN', 0) 
('NaN', 0) ('NaN', 0) 
-0.026720916546704245 
-0.2034552751302947 
('NaN', 0) 
('NaN', 0) ('NaN', 0) ('NaN', 0) 
('NaN', 2.946332377335264) 
-0.03470813520773628 
-0.3765850276845217 
-0.1404812904597194 
0.20072556710622083 
-0.01834747552386392 
0.1365566781252172 
0.07325213064733405 
-0.193814863574529 
-0.1631939095845769 
-0.04513215705066569 
-0.9761328798643369 
1.0853021147578559 
-0.11588212076002406 
('NaN', 0) 
0.9333509486829222 
('NaN', 0) 
('NaN', 0) 
('NaN', 0) 
-0.18917202903534536 
-0.4263624064171481 
-0.5242156958324361 
-0.5592007700036753 
0.055265290029340185 
0.14805607626355005 
0.28564108981704656 
0.10329302752683366 
('NaN', 0) 
1.6918274071761963 
('NaN', 0) 
-0.7445052893799041 
-0.6628723723554206 
-0.5426402126238157 
-0.474445555576977 
0.08584283131973978 
2.9444686442395254 
0.17423054800329146 
0.21385499708568462 
0.5388303878479475 
-0.1241655214260012 
('NaN', 0) ('NaN', 0) 
-0.4890981047785496 -1.0 
('NaN', 0) ('NaN', 0) 
('NaN', 0) ('NaN', 0) ('NaN', 0) 
('NaN', 0) ('NaN', 5.347942675636375) 
1.1631165686996 0.23581956051976832 
('NaN', 0) -0.21875081697411514 
-1.0 -0.07604741692563048 
-1.0 0.3470982681709393 
('NaN', 0) ('NaN', 117.61444187289464) 
('NaN', 0) -0.8107463234458858 -1.0 
0.08322395051192 
0.33740495225269257 
('NaN', 0) 
('NaN', 451.58032078336396) 
-0.194801215252048 
-0.17138689223808404 
0.17059634360747436 
0.2578610834838082 
-0.28746825439973583 -0.40952384704873385 -1.0 
0.3209094862111945 
-0.22762014402642108 
-0.027304445377371298 
-0.18719018230653833 
-0.19218308483342952 
-0.32171843647686627 
-0.11452387429458159 
-0.15415903309954765 
-0.008368695840931622 
-0.06184619015872817 
0.44333860714340667 
1.0051418406197448 
-0.12439150516753557 
-0.1357766233120895 
7.726546593026198 -0.8021347447731856 -0.11486520175146595 
