0.0 
0.0 0.0 
0.0 
0.0 
0.0 0.0 0.0 0.0 0.0 0.0 0.0 0.0 0.0 0.0 0.0 0.0 0.0 0.0 0.0 0.0 0.0 0.0 0.0 0.0 0.0 0.0 
-0.6756714742973714 -0.582924605393684 3.4754380257813398 -0.9240715647944051 
('NaN', 0) 
('NaN', 0) 
('NaN', 0) 
('NaN', 0) 
('NaN', 0) 
0.0 
('NaN', 0) 
0.0 
('NaN', 0) 
0.0 
0.0 
0.0 
0.0 
('NaN', 0) 
('NaN', 0) 
('NaN', 0) 
0.0 0.0 0.0 
('NaN', 0) 
('NaN', 0) 
('NaN', 0) 
0.0 
('NaN', 0) 
-1.0 
-0.6017020446129253 
-1.0 
-1.0 
('NaN', 0) ('NaN', 0) 
('NaN', 0) ('NaN', 0) 
('NaN', 0) ('NaN', 0) ('NaN', 0) 
('NaN', 0) ('NaN', 0) 
('NaN', 0) ('NaN', 0) 
('NaN', 0) ('NaN', 0) 
('NaN', 0) ('NaN', 0) 
('NaN', 0) ('NaN', 0) 
('NaN', 0) ('NaN', 0) 
('NaN', 0) 0.0 0.0 
0.0 ('NaN', 0) 
-0.7778698317049957 ('NaN', 63.44829258673992) 
0.0 0.0 
('NaN', 0) ('NaN', 0) 
-1.0 -1.0 -1.0 -1.0 -1.0 ('NaN', 0) ('NaN', 237.35697400133913) ('NaN', 0) ('NaN', 0) ('NaN', 0) ('NaN', 0) 
('NaN', 0) 
0.0 0.0 0.0 
('NaN', 0) 
('NaN', 0) 
('NaN', 0) 
('NaN', 0) 
('NaN', 0) 0.0 ('NaN', 0) 
('NaN', 0) 
0.0 
0.0 
0.0 
('NaN', 0) 
0.0 
0.0 
0.0 
('NaN', 0) 
('NaN', 0) 0.0 0.0 
('NaN', 0) 0.0 0.0 
0.0 
('NaN', 0) 
0.0 
0.0 
0.0 
0.0 0.0 0.0 
('NaN', 0) 
('NaN', 0) 
('NaN', 0) 
0.0 
0.0 
0.0 
('NaN', 0) 
0.0 
('NaN', 0) 
('NaN', 0) 
('NaN', 0) 
('NaN', 0) 
0.0 
0.0 ('NaN', 0) ('NaN', 0) 
('NaN', 0) 
('NaN', 0) 
('NaN', 0) 
0.0 0.0 
('NaN', 0) 0.0 
('NaN', 0) 0.0 
('NaN', 0) 0.0 
('NaN', 0) 0.0 
('NaN', 0) 0.0 
('NaN', 0) 0.0 0.0 
0.0 ('NaN', 0) ('NaN', 0) 
('NaN', 0) ('NaN', 0) 
('NaN', 0) 0.0 
('NaN', 0) ('NaN', 0) ('NaN', 0) 
0.0 0.0 
('NaN', 0) 0.0 0.0 ('NaN', 0) 
('NaN', 0) ('NaN', 0) 
('NaN', 0) ('NaN', 0) ('NaN', 0) 
('NaN', 0) ('NaN', 0) 
('NaN', 0) ('NaN', 0) 
('NaN', 0) ('NaN', 0) 
('NaN', 0) ('NaN', 0) 
0.0 
0.0 
('NaN', 0) 
('NaN', 0) ('NaN', 0) ('NaN', 0) 
('NaN', 0) 
0.0 
0.0 
0.0 
0.0 
0.0 
0.0 
0.0 
0.0 
0.0 
0.0 
0.0 
0.0 
0.0 
('NaN', 0) 
0.0 
('NaN', 0) 
('NaN', 0) 
('NaN', 0) 
0.0 
0.0 
0.0 
0.0 
0.0 
0.0 
0.0 
0.0 
('NaN', 0) 
0.0 
('NaN', 0) 
0.0 
0.0 
0.0 
0.0 
0.0 
0.0 
0.0 
0.0 
0.0 
0.0 
('NaN', 0) ('NaN', 0) 
0.0 0.0 
('NaN', 0) ('NaN', 0) 
('NaN', 0) ('NaN', 0) ('NaN', 0) 
('NaN', 0) ('NaN', 0) 
0.0 0.0 
('NaN', 0) 0.0 
0.0 0.0 
0.0 0.0 
('NaN', 0) ('NaN', 0) 
('NaN', 0) 0.0 0.0 
0.0 
0.0 
('NaN', 0) 
('NaN', 0) 
0.0 
0.0 
0.0 
0.0 
0.0 0.0 0.0 
0.0 
0.0 
0.0 
0.0 
0.0 
0.0 
0.0 
0.0 
0.0 
0.0 
0.0 
0.0 
0.0 
0.0 
0.0 0.0 0.0 
